-0.158922519
0.150638481
-0.031127519
-0.035907519
0.153652481
-0.205355019
-0.079349519
-0.129783019
-0.112538019
-0.112842019
-0.127776019
-0.077523019
-0.201549519
0.112576481
0.100287481
0.100995981
0.106967481
0.107041981
0.100094981
0.100307981
0.115346981
-0.259224019
0.218208981
-0.184589519
-0.059547019
0.218208981
-0.184589519
0.140376981
0.127109981
0.106461981
0.127109981
-0.158922519
0.150638481
-0.031127519
-0.035907519
0.153652481
-0.205355019
-0.079349519
-0.129783019
-0.112538019
-0.112842019
-0.127776019
-0.077523019
-0.201549519
0.112576481
0.100287481
0.100995981
0.106967481
0.107041981
0.100094981
0.100307981
0.115346981
